# wavelength(nm)	n		k		(a-Si:H, POSTECH ellipsometry + Sellmeier extrapolation from aSi_nk_1000-1400nm_extra_postech.xlsx)
# rows 246-999 nm = ellipsometry measurement; rows 1000-1400 nm = workbook extrapolation; k kept as provided by source workbook
246.0000	2.556800e+00	2.768919e+00
247.0000	2.573670e+00	2.773493e+00
248.0000	2.590810e+00	2.778114e+00
249.0000	2.608240e+00	2.782776e+00
250.0000	2.625970e+00	2.787475e+00
251.0000	2.644020e+00	2.792204e+00
252.0000	2.662400e+00	2.796956e+00
253.0000	2.681120e+00	2.801724e+00
254.0000	2.700210e+00	2.806497e+00
255.0000	2.719680e+00	2.811266e+00
256.0000	2.739540e+00	2.816019e+00
257.0000	2.759820e+00	2.820742e+00
258.0000	2.780540e+00	2.825420e+00
259.0000	2.801710e+00	2.830037e+00
260.0000	2.823360e+00	2.834573e+00
261.0000	2.845510e+00	2.839006e+00
262.0000	2.868170e+00	2.843311e+00
263.0000	2.891380e+00	2.847462e+00
264.0000	2.915140e+00	2.851426e+00
265.0000	2.939480e+00	2.855170e+00
266.0000	2.964430e+00	2.858655e+00
267.0000	2.989990e+00	2.861838e+00
268.0000	3.016190e+00	2.864673e+00
269.0000	3.043040e+00	2.867106e+00
270.0000	3.070540e+00	2.869083e+00
271.0000	3.098710e+00	2.870542e+00
272.0000	3.127550e+00	2.871416e+00
273.0000	3.157040e+00	2.871636e+00
274.0000	3.187180e+00	2.871126e+00
275.0000	3.217950e+00	2.869809e+00
276.0000	3.249310e+00	2.867605e+00
277.0000	3.281220e+00	2.864432e+00
278.0000	3.313630e+00	2.860208e+00
279.0000	3.346470e+00	2.854856e+00
280.0000	3.379660e+00	2.848299e+00
281.0000	3.413120e+00	2.840470e+00
282.0000	3.446730e+00	2.831309e+00
283.0000	3.480380e+00	2.820769e+00
284.0000	3.513940e+00	2.808818e+00
285.0000	3.547270e+00	2.795440e+00
286.0000	3.580240e+00	2.780636e+00
287.0000	3.612710e+00	2.764432e+00
288.0000	3.644530e+00	2.746871e+00
289.0000	3.675560e+00	2.728018e+00
290.0000	3.705680e+00	2.707960e+00
291.0000	3.734790e+00	2.686799e+00
292.0000	3.762780e+00	2.664655e+00
293.0000	3.789580e+00	2.641659e+00
294.0000	3.815140e+00	2.617949e+00
295.0000	3.839420e+00	2.593669e+00
296.0000	3.862410e+00	2.568962e+00
297.0000	3.884120e+00	2.543966e+00
298.0000	3.904590e+00	2.518812e+00
299.0000	3.923860e+00	2.493620e+00
300.0000	3.941990e+00	2.468498e+00
301.0000	3.959060e+00	2.443538e+00
302.0000	3.975130e+00	2.418818e+00
303.0000	3.990300e+00	2.394399e+00
304.0000	4.004660e+00	2.370330e+00
305.0000	4.018280e+00	2.346643e+00
306.0000	4.031260e+00	2.323359e+00
307.0000	4.043680e+00	2.300485e+00
308.0000	4.055600e+00	2.278021e+00
309.0000	4.067100e+00	2.255957e+00
310.0000	4.078230e+00	2.234275e+00
311.0000	4.089060e+00	2.212954e+00
312.0000	4.099640e+00	2.191968e+00
313.0000	4.109990e+00	2.171287e+00
314.0000	4.120160e+00	2.150880e+00
315.0000	4.130180e+00	2.130716e+00
316.0000	4.140070e+00	2.110760e+00
317.0000	4.149840e+00	2.090983e+00
318.0000	4.159520e+00	2.071352e+00
319.0000	4.169090e+00	2.051838e+00
320.0000	4.178580e+00	2.032412e+00
321.0000	4.187990e+00	2.013048e+00
322.0000	4.197300e+00	1.993723e+00
323.0000	4.206510e+00	1.974413e+00
324.0000	4.215630e+00	1.955098e+00
325.0000	4.224640e+00	1.935761e+00
326.0000	4.233530e+00	1.916386e+00
327.0000	4.242290e+00	1.896959e+00
328.0000	4.250910e+00	1.877468e+00
329.0000	4.259380e+00	1.857905e+00
330.0000	4.267680e+00	1.838261e+00
331.0000	4.275800e+00	1.818530e+00
332.0000	4.283730e+00	1.798710e+00
333.0000	4.291450e+00	1.778796e+00
334.0000	4.298960e+00	1.758790e+00
335.0000	4.306230e+00	1.738691e+00
336.0000	4.313260e+00	1.718502e+00
337.0000	4.320040e+00	1.698227e+00
338.0000	4.326540e+00	1.677869e+00
339.0000	4.332770e+00	1.657435e+00
340.0000	4.338710e+00	1.636932e+00
341.0000	4.344350e+00	1.616368e+00
342.0000	4.349690e+00	1.595751e+00
343.0000	4.354710e+00	1.575090e+00
344.0000	4.359420e+00	1.554395e+00
345.0000	4.363790e+00	1.533678e+00
346.0000	4.367840e+00	1.512949e+00
347.0000	4.371550e+00	1.492220e+00
348.0000	4.374920e+00	1.471502e+00
349.0000	4.377940e+00	1.450808e+00
350.0000	4.380630e+00	1.430149e+00
351.0000	4.382970e+00	1.409539e+00
352.0000	4.384970e+00	1.388989e+00
353.0000	4.386630e+00	1.368511e+00
354.0000	4.387950e+00	1.348118e+00
355.0000	4.388930e+00	1.327822e+00
356.0000	4.389580e+00	1.307633e+00
357.0000	4.389900e+00	1.287565e+00
358.0000	4.389900e+00	1.267626e+00
359.0000	4.389590e+00	1.247828e+00
360.0000	4.388960e+00	1.228182e+00
361.0000	4.388030e+00	1.208695e+00
362.0000	4.386810e+00	1.189377e+00
363.0000	4.385300e+00	1.170237e+00
364.0000	4.383520e+00	1.151283e+00
365.0000	4.381460e+00	1.132520e+00
366.0000	4.379150e+00	1.113955e+00
367.0000	4.376590e+00	1.095594e+00
368.0000	4.373790e+00	1.077441e+00
369.0000	4.370760e+00	1.059501e+00
370.0000	4.367510e+00	1.041777e+00
371.0000	4.364050e+00	1.024271e+00
372.0000	4.360400e+00	1.006986e+00
373.0000	4.356550e+00	9.899220e-01
374.0000	4.352530e+00	9.730800e-01
375.0000	4.348340e+00	9.564590e-01
376.0000	4.343980e+00	9.400600e-01
377.0000	4.339480e+00	9.238810e-01
378.0000	4.334830e+00	9.079190e-01
379.0000	4.330040e+00	8.921720e-01
380.0000	4.325130e+00	8.766380e-01
381.0000	4.320090e+00	8.613130e-01
382.0000	4.314940e+00	8.461950e-01
383.0000	4.309680e+00	8.312780e-01
384.0000	4.304320e+00	8.165610e-01
385.0000	4.298860e+00	8.020370e-01
386.0000	4.293300e+00	7.877050e-01
387.0000	4.287640e+00	7.735590e-01
388.0000	4.281900e+00	7.595970e-01
389.0000	4.276070e+00	7.458130e-01
390.0000	4.270150e+00	7.322060e-01
391.0000	4.264150e+00	7.187720e-01
392.0000	4.258060e+00	7.055070e-01
393.0000	4.251890e+00	6.924110e-01
394.0000	4.245640e+00	6.794800e-01
395.0000	4.239310e+00	6.667130e-01
396.0000	4.232900e+00	6.541090e-01
397.0000	4.226400e+00	6.416660e-01
398.0000	4.219830e+00	6.293780e-01
399.0000	4.213180e+00	6.172430e-01
400.0000	4.206430e+00	6.052660e-01
401.0000	4.199600e+00	5.934450e-01
402.0000	4.192670e+00	5.817850e-01
403.0000	4.185660e+00	5.702880e-01
404.0000	4.178560e+00	5.589570e-01
405.0000	4.171360e+00	5.477940e-01
406.0000	4.164070e+00	5.368050e-01
407.0000	4.156700e+00	5.259920e-01
408.0000	4.149240e+00	5.153600e-01
409.0000	4.141690e+00	5.049130e-01
410.0000	4.134060e+00	4.946550e-01
411.0000	4.126350e+00	4.845900e-01
412.0000	4.118570e+00	4.747250e-01
413.0000	4.110710e+00	4.650610e-01
414.0000	4.102780e+00	4.556050e-01
415.0000	4.094800e+00	4.463610e-01
416.0000	4.086750e+00	4.373310e-01
417.0000	4.078660e+00	4.285210e-01
418.0000	4.070520e+00	4.199350e-01
419.0000	4.062340e+00	4.115750e-01
420.0000	4.054140e+00	4.034450e-01
421.0000	4.045910e+00	3.955480e-01
422.0000	4.037670e+00	3.878860e-01
423.0000	4.029430e+00	3.804630e-01
424.0000	4.021200e+00	3.732800e-01
425.0000	4.012990e+00	3.663380e-01
426.0000	4.004800e+00	3.596390e-01
427.0000	3.996660e+00	3.531830e-01
428.0000	3.988580e+00	3.469730e-01
429.0000	3.980560e+00	3.410060e-01
430.0000	3.972640e+00	3.352840e-01
431.0000	3.964820e+00	3.298050e-01
432.0000	3.957150e+00	3.245660e-01
433.0000	3.949670e+00	3.195650e-01
434.0000	3.942470e+00	3.147050e-01
435.0000	3.935450e+00	3.098790e-01
436.0000	3.928570e+00	3.050950e-01
437.0000	3.921810e+00	3.003560e-01
438.0000	3.915130e+00	2.956670e-01
439.0000	3.908540e+00	2.910310e-01
440.0000	3.902020e+00	2.864510e-01
441.0000	3.895580e+00	2.819270e-01
442.0000	3.889190e+00	2.774630e-01
443.0000	3.882870e+00	2.730590e-01
444.0000	3.876600e+00	2.687170e-01
445.0000	3.870380e+00	2.644370e-01
446.0000	3.864220e+00	2.602200e-01
447.0000	3.858110e+00	2.560670e-01
448.0000	3.852050e+00	2.519780e-01
449.0000	3.846030e+00	2.479520e-01
450.0000	3.840060e+00	2.439900e-01
451.0000	3.834140e+00	2.400920e-01
452.0000	3.828260e+00	2.362570e-01
453.0000	3.822430e+00	2.324860e-01
454.0000	3.816650e+00	2.287770e-01
455.0000	3.810910e+00	2.251290e-01
456.0000	3.805210e+00	2.215440e-01
457.0000	3.799560e+00	2.180190e-01
458.0000	3.793960e+00	2.145550e-01
459.0000	3.788390e+00	2.111490e-01
460.0000	3.782870e+00	2.078020e-01
461.0000	3.777400e+00	2.045120e-01
462.0000	3.771970e+00	2.012800e-01
463.0000	3.766580e+00	1.981030e-01
464.0000	3.761230e+00	1.949810e-01
465.0000	3.755930e+00	1.919130e-01
466.0000	3.750670e+00	1.888980e-01
467.0000	3.745450e+00	1.859350e-01
468.0000	3.740280e+00	1.830240e-01
469.0000	3.735150e+00	1.801620e-01
470.0000	3.730060e+00	1.773500e-01
471.0000	3.725010e+00	1.745860e-01
472.0000	3.720010e+00	1.718700e-01
473.0000	3.715050e+00	1.691990e-01
474.0000	3.710120e+00	1.665750e-01
475.0000	3.705240e+00	1.639950e-01
476.0000	3.700400e+00	1.614590e-01
477.0000	3.695610e+00	1.589650e-01
478.0000	3.690850e+00	1.565130e-01
479.0000	3.686130e+00	1.541030e-01
480.0000	3.681450e+00	1.517320e-01
481.0000	3.676810e+00	1.494010e-01
482.0000	3.672210e+00	1.471080e-01
483.0000	3.667650e+00	1.448530e-01
484.0000	3.663120e+00	1.426350e-01
485.0000	3.658640e+00	1.404530e-01
486.0000	3.654190e+00	1.383070e-01
487.0000	3.649780e+00	1.361950e-01
488.0000	3.645410e+00	1.341170e-01
489.0000	3.641070e+00	1.320720e-01
490.0000	3.636770e+00	1.300600e-01
491.0000	3.632510e+00	1.280790e-01
492.0000	3.628280e+00	1.261300e-01
493.0000	3.624090e+00	1.242110e-01
494.0000	3.619930e+00	1.223220e-01
495.0000	3.615810e+00	1.204620e-01
496.0000	3.611720e+00	1.186300e-01
497.0000	3.607660e+00	1.168270e-01
498.0000	3.603640e+00	1.150520e-01
499.0000	3.599650e+00	1.133030e-01
500.0000	3.595700e+00	1.115800e-01
501.0000	3.591770e+00	1.098840e-01
502.0000	3.587880e+00	1.082130e-01
503.0000	3.584020e+00	1.065660e-01
504.0000	3.580200e+00	1.049440e-01
505.0000	3.576400e+00	1.033460e-01
506.0000	3.572630e+00	1.017710e-01
507.0000	3.568900e+00	1.002190e-01
508.0000	3.565190e+00	9.869000e-02
509.0000	3.561520e+00	9.718300e-02
510.0000	3.557870e+00	9.569700e-02
511.0000	3.554250e+00	9.423300e-02
512.0000	3.550660e+00	9.278900e-02
513.0000	3.547100e+00	9.136600e-02
514.0000	3.543570e+00	8.996300e-02
515.0000	3.540060e+00	8.858000e-02
516.0000	3.536590e+00	8.721600e-02
517.0000	3.533140e+00	8.587100e-02
518.0000	3.529710e+00	8.454500e-02
519.0000	3.526310e+00	8.323700e-02
520.0000	3.522940e+00	8.194700e-02
521.0000	3.519600e+00	8.067500e-02
522.0000	3.516280e+00	7.942100e-02
523.0000	3.512980e+00	7.818300e-02
524.0000	3.509710e+00	7.696200e-02
525.0000	3.506470e+00	7.575800e-02
526.0000	3.503240e+00	7.457000e-02
527.0000	3.500050e+00	7.339900e-02
528.0000	3.496870e+00	7.224200e-02
529.0000	3.493720e+00	7.110200e-02
530.0000	3.490600e+00	6.997700e-02
531.0000	3.487490e+00	6.886700e-02
532.0000	3.484410e+00	6.777100e-02
533.0000	3.481360e+00	6.669000e-02
534.0000	3.478320e+00	6.562400e-02
535.0000	3.475310e+00	6.457100e-02
536.0000	3.472310e+00	6.353300e-02
537.0000	3.469340e+00	6.250800e-02
538.0000	3.466390e+00	6.149700e-02
539.0000	3.463460e+00	6.049900e-02
540.0000	3.460560e+00	5.951500e-02
541.0000	3.457670e+00	5.854300e-02
542.0000	3.454800e+00	5.758400e-02
543.0000	3.451950e+00	5.663700e-02
544.0000	3.449130e+00	5.570300e-02
545.0000	3.446320e+00	5.478200e-02
546.0000	3.443530e+00	5.387200e-02
547.0000	3.440760e+00	5.297400e-02
548.0000	3.438010e+00	5.208900e-02
549.0000	3.435280e+00	5.121400e-02
550.0000	3.432570e+00	5.035200e-02
551.0000	3.429880e+00	4.950000e-02
552.0000	3.427200e+00	4.866000e-02
553.0000	3.424550e+00	4.783100e-02
554.0000	3.421910e+00	4.701300e-02
555.0000	3.419280e+00	4.620500e-02
556.0000	3.416680e+00	4.540800e-02
557.0000	3.414090e+00	4.462200e-02
558.0000	3.411520e+00	4.384600e-02
559.0000	3.408970e+00	4.308100e-02
560.0000	3.406440e+00	4.232600e-02
561.0000	3.403920e+00	4.158000e-02
562.0000	3.401410e+00	4.084500e-02
563.0000	3.398930e+00	4.012000e-02
564.0000	3.396460e+00	3.940400e-02
565.0000	3.394000e+00	3.869800e-02
566.0000	3.391570e+00	3.800100e-02
567.0000	3.389150e+00	3.731400e-02
568.0000	3.386740e+00	3.663700e-02
569.0000	3.384350e+00	3.596800e-02
570.0000	3.381970e+00	3.530900e-02
571.0000	3.379610e+00	3.465800e-02
572.0000	3.377270e+00	3.401700e-02
573.0000	3.374940e+00	3.338500e-02
574.0000	3.372620e+00	3.276100e-02
575.0000	3.370320e+00	3.214600e-02
576.0000	3.368040e+00	3.154000e-02
577.0000	3.365760e+00	3.094200e-02
578.0000	3.363510e+00	3.035300e-02
579.0000	3.361260e+00	2.977200e-02
580.0000	3.359030e+00	2.919900e-02
581.0000	3.356820e+00	2.863500e-02
582.0000	3.354620e+00	2.807900e-02
583.0000	3.352430e+00	2.753100e-02
584.0000	3.350260e+00	2.699100e-02
585.0000	3.348100e+00	2.645900e-02
586.0000	3.345950e+00	2.593500e-02
587.0000	3.343820e+00	2.541900e-02
588.0000	3.341700e+00	2.491000e-02
589.0000	3.339600e+00	2.440900e-02
590.0000	3.337500e+00	2.391600e-02
591.0000	3.335420e+00	2.343100e-02
592.0000	3.333360e+00	2.295200e-02
593.0000	3.331300e+00	2.248200e-02
594.0000	3.329260e+00	2.201800e-02
595.0000	3.327240e+00	2.156300e-02
596.0000	3.325220e+00	2.111400e-02
597.0000	3.323220e+00	2.067300e-02
598.0000	3.321230e+00	2.023800e-02
599.0000	3.319250e+00	1.981100e-02
600.0000	3.317290e+00	1.939100e-02
601.0000	3.315340e+00	1.897800e-02
602.0000	3.313400e+00	1.857200e-02
603.0000	3.311470e+00	1.817300e-02
604.0000	3.309560e+00	1.778100e-02
605.0000	3.307660e+00	1.739600e-02
606.0000	3.305770e+00	1.701700e-02
607.0000	3.303900e+00	1.664500e-02
608.0000	3.302040e+00	1.627800e-02
609.0000	3.300200e+00	1.591500e-02
610.0000	3.298360e+00	1.555700e-02
611.0000	3.296540e+00	1.520300e-02
612.0000	3.294730e+00	1.485300e-02
613.0000	3.292940e+00	1.450700e-02
614.0000	3.291150e+00	1.416600e-02
615.0000	3.289370e+00	1.382900e-02
616.0000	3.287610e+00	1.349700e-02
617.0000	3.285860e+00	1.316800e-02
618.0000	3.284110e+00	1.284400e-02
619.0000	3.282380e+00	1.252400e-02
620.0000	3.280660e+00	1.220900e-02
621.0000	3.278950e+00	1.189800e-02
622.0000	3.277240e+00	1.159000e-02
623.0000	3.275550e+00	1.128800e-02
624.0000	3.273870e+00	1.098900e-02
625.0000	3.272200e+00	1.069500e-02
626.0000	3.270540e+00	1.040500e-02
627.0000	3.268880e+00	1.011800e-02
628.0000	3.267240e+00	9.837000e-03
629.0000	3.265600e+00	9.559000e-03
630.0000	3.263980e+00	9.286000e-03
631.0000	3.262360e+00	9.017000e-03
632.0000	3.260760e+00	8.751000e-03
633.0000	3.259160e+00	8.490000e-03
634.0000	3.257570e+00	8.234000e-03
635.0000	3.255990e+00	7.981000e-03
636.0000	3.254420e+00	7.732000e-03
637.0000	3.252860e+00	7.488000e-03
638.0000	3.251310e+00	7.248000e-03
639.0000	3.249760e+00	7.011000e-03
640.0000	3.248230e+00	6.779000e-03
641.0000	3.246700e+00	6.552000e-03
642.0000	3.245180e+00	6.327000e-03
643.0000	3.243670e+00	6.108000e-03
644.0000	3.242170e+00	5.892000e-03
645.0000	3.240680e+00	5.680000e-03
646.0000	3.239190e+00	5.472000e-03
647.0000	3.237710e+00	5.268000e-03
648.0000	3.236250e+00	5.069000e-03
649.0000	3.234790e+00	4.873000e-03
650.0000	3.233330e+00	4.681000e-03
651.0000	3.231890e+00	4.494000e-03
652.0000	3.230450e+00	4.310000e-03
653.0000	3.229020e+00	4.130000e-03
654.0000	3.227600e+00	3.954000e-03
655.0000	3.226190e+00	3.783000e-03
656.0000	3.224790e+00	3.615000e-03
657.0000	3.223390e+00	3.451000e-03
658.0000	3.222000e+00	3.291000e-03
659.0000	3.220620e+00	3.135000e-03
660.0000	3.219240e+00	2.983000e-03
661.0000	3.217880e+00	2.834000e-03
662.0000	3.216520e+00	2.690000e-03
663.0000	3.215170e+00	2.550000e-03
664.0000	3.213830e+00	2.413000e-03
665.0000	3.212490e+00	2.280000e-03
666.0000	3.211160e+00	2.151000e-03
667.0000	3.209840e+00	2.027000e-03
668.0000	3.208530e+00	1.905000e-03
669.0000	3.207230e+00	1.788000e-03
670.0000	3.205930e+00	1.674000e-03
671.0000	3.204640e+00	1.565000e-03
672.0000	3.203360e+00	1.459000e-03
673.0000	3.202080e+00	1.357000e-03
674.0000	3.200820e+00	1.258000e-03
675.0000	3.199560e+00	1.164000e-03
676.0000	3.198300e+00	1.073000e-03
677.0000	3.197060e+00	9.860000e-04
678.0000	3.195820e+00	9.030000e-04
679.0000	3.194590e+00	8.230000e-04
680.0000	3.193370e+00	7.470000e-04
681.0000	3.192160e+00	6.750000e-04
682.0000	3.190950e+00	6.070000e-04
683.0000	3.189750e+00	5.420000e-04
684.0000	3.188560e+00	4.810000e-04
685.0000	3.187370e+00	4.240000e-04
686.0000	3.186200e+00	3.700000e-04
687.0000	3.185030e+00	3.210000e-04
688.0000	3.183870e+00	2.740000e-04
689.0000	3.182710e+00	2.320000e-04
690.0000	3.181570e+00	1.930000e-04
691.0000	3.180430e+00	1.570000e-04
692.0000	3.179300e+00	1.250000e-04
693.0000	3.178180e+00	9.700000e-05
694.0000	3.177060e+00	7.300000e-05
695.0000	3.175960e+00	5.200000e-05
696.0000	3.174860e+00	3.400000e-05
697.0000	3.173770e+00	2.000000e-05
698.0000	3.172690e+00	1.000000e-05
699.0000	3.171620e+00	3.000000e-06
700.0000	3.170560e+00	0.000000e+00
701.0000	3.169510e+00	0.000000e+00
702.0000	3.168480e+00	0.000000e+00
703.0000	3.167450e+00	0.000000e+00
704.0000	3.166430e+00	0.000000e+00
705.0000	3.165420e+00	0.000000e+00
706.0000	3.164420e+00	0.000000e+00
707.0000	3.163420e+00	0.000000e+00
708.0000	3.162430e+00	0.000000e+00
709.0000	3.161450e+00	0.000000e+00
710.0000	3.160480e+00	0.000000e+00
711.0000	3.159520e+00	0.000000e+00
712.0000	3.158560e+00	0.000000e+00
713.0000	3.157610e+00	0.000000e+00
714.0000	3.156660e+00	0.000000e+00
715.0000	3.155730e+00	0.000000e+00
716.0000	3.154800e+00	0.000000e+00
717.0000	3.153870e+00	0.000000e+00
718.0000	3.152950e+00	0.000000e+00
719.0000	3.152040e+00	0.000000e+00
720.0000	3.151140e+00	0.000000e+00
721.0000	3.150240e+00	0.000000e+00
722.0000	3.149340e+00	0.000000e+00
723.0000	3.148460e+00	0.000000e+00
724.0000	3.147570e+00	0.000000e+00
725.0000	3.146700e+00	0.000000e+00
726.0000	3.145830e+00	0.000000e+00
727.0000	3.144960e+00	0.000000e+00
728.0000	3.144110e+00	0.000000e+00
729.0000	3.143250e+00	0.000000e+00
730.0000	3.142400e+00	0.000000e+00
731.0000	3.141560e+00	0.000000e+00
732.0000	3.140730e+00	0.000000e+00
733.0000	3.139890e+00	0.000000e+00
734.0000	3.139070e+00	0.000000e+00
735.0000	3.138250e+00	0.000000e+00
736.0000	3.137430e+00	0.000000e+00
737.0000	3.136620e+00	0.000000e+00
738.0000	3.135810e+00	0.000000e+00
739.0000	3.135010e+00	0.000000e+00
740.0000	3.134210e+00	0.000000e+00
741.0000	3.133420e+00	0.000000e+00
742.0000	3.132640e+00	0.000000e+00
743.0000	3.131850e+00	0.000000e+00
744.0000	3.131080e+00	0.000000e+00
745.0000	3.130300e+00	0.000000e+00
746.0000	3.129540e+00	0.000000e+00
747.0000	3.128770e+00	0.000000e+00
748.0000	3.128010e+00	0.000000e+00
749.0000	3.127260e+00	0.000000e+00
750.0000	3.126510e+00	0.000000e+00
751.0000	3.125760e+00	0.000000e+00
752.0000	3.125020e+00	0.000000e+00
753.0000	3.124290e+00	0.000000e+00
754.0000	3.123550e+00	0.000000e+00
755.0000	3.122820e+00	0.000000e+00
756.0000	3.122100e+00	0.000000e+00
757.0000	3.121380e+00	0.000000e+00
758.0000	3.120670e+00	0.000000e+00
759.0000	3.119950e+00	0.000000e+00
760.0000	3.119250e+00	0.000000e+00
761.0000	3.118540e+00	0.000000e+00
762.0000	3.117840e+00	0.000000e+00
763.0000	3.117150e+00	0.000000e+00
764.0000	3.116460e+00	0.000000e+00
765.0000	3.115770e+00	0.000000e+00
766.0000	3.115080e+00	0.000000e+00
767.0000	3.114400e+00	0.000000e+00
768.0000	3.113730e+00	0.000000e+00
769.0000	3.113050e+00	0.000000e+00
770.0000	3.112390e+00	0.000000e+00
771.0000	3.111720e+00	0.000000e+00
772.0000	3.111060e+00	0.000000e+00
773.0000	3.110400e+00	0.000000e+00
774.0000	3.109750e+00	0.000000e+00
775.0000	3.109100e+00	0.000000e+00
776.0000	3.108450e+00	0.000000e+00
777.0000	3.107810e+00	0.000000e+00
778.0000	3.107170e+00	0.000000e+00
779.0000	3.106530e+00	0.000000e+00
780.0000	3.105900e+00	0.000000e+00
781.0000	3.105270e+00	0.000000e+00
782.0000	3.104640e+00	0.000000e+00
783.0000	3.104020e+00	0.000000e+00
784.0000	3.103400e+00	0.000000e+00
785.0000	3.102780e+00	0.000000e+00
786.0000	3.102170e+00	0.000000e+00
787.0000	3.101560e+00	0.000000e+00
788.0000	3.100950e+00	0.000000e+00
789.0000	3.100350e+00	0.000000e+00
790.0000	3.099750e+00	0.000000e+00
791.0000	3.099150e+00	0.000000e+00
792.0000	3.098560e+00	0.000000e+00
793.0000	3.097970e+00	0.000000e+00
794.0000	3.097380e+00	0.000000e+00
795.0000	3.096800e+00	0.000000e+00
796.0000	3.096210e+00	0.000000e+00
797.0000	3.095640e+00	0.000000e+00
798.0000	3.095060e+00	0.000000e+00
799.0000	3.094490e+00	0.000000e+00
800.0000	3.093920e+00	0.000000e+00
801.0000	3.093350e+00	0.000000e+00
802.0000	3.092790e+00	0.000000e+00
803.0000	3.092230e+00	0.000000e+00
804.0000	3.091670e+00	0.000000e+00
805.0000	3.091120e+00	0.000000e+00
806.0000	3.090560e+00	0.000000e+00
807.0000	3.090010e+00	0.000000e+00
808.0000	3.089470e+00	0.000000e+00
809.0000	3.088930e+00	0.000000e+00
810.0000	3.088380e+00	0.000000e+00
811.0000	3.087850e+00	0.000000e+00
812.0000	3.087310e+00	0.000000e+00
813.0000	3.086780e+00	0.000000e+00
814.0000	3.086250e+00	0.000000e+00
815.0000	3.085720e+00	0.000000e+00
816.0000	3.085200e+00	0.000000e+00
817.0000	3.084670e+00	0.000000e+00
818.0000	3.084160e+00	0.000000e+00
819.0000	3.083640e+00	0.000000e+00
820.0000	3.083120e+00	0.000000e+00
821.0000	3.082610e+00	0.000000e+00
822.0000	3.082100e+00	0.000000e+00
823.0000	3.081600e+00	0.000000e+00
824.0000	3.081090e+00	0.000000e+00
825.0000	3.080590e+00	0.000000e+00
826.0000	3.080090e+00	0.000000e+00
827.0000	3.079600e+00	0.000000e+00
828.0000	3.079100e+00	0.000000e+00
829.0000	3.078610e+00	0.000000e+00
830.0000	3.078120e+00	0.000000e+00
831.0000	3.077630e+00	0.000000e+00
832.0000	3.077150e+00	0.000000e+00
833.0000	3.076670e+00	0.000000e+00
834.0000	3.076190e+00	0.000000e+00
835.0000	3.075710e+00	0.000000e+00
836.0000	3.075240e+00	0.000000e+00
837.0000	3.074760e+00	0.000000e+00
838.0000	3.074290e+00	0.000000e+00
839.0000	3.073820e+00	0.000000e+00
840.0000	3.073360e+00	0.000000e+00
841.0000	3.072890e+00	0.000000e+00
842.0000	3.072430e+00	0.000000e+00
843.0000	3.071970e+00	0.000000e+00
844.0000	3.071520e+00	0.000000e+00
845.0000	3.071060e+00	0.000000e+00
846.0000	3.070610e+00	0.000000e+00
847.0000	3.070160e+00	0.000000e+00
848.0000	3.069710e+00	0.000000e+00
849.0000	3.069260e+00	0.000000e+00
850.0000	3.068820e+00	0.000000e+00
851.0000	3.068380e+00	0.000000e+00
852.0000	3.067940e+00	0.000000e+00
853.0000	3.067500e+00	0.000000e+00
854.0000	3.067070e+00	0.000000e+00
855.0000	3.066630e+00	0.000000e+00
856.0000	3.066200e+00	0.000000e+00
857.0000	3.065770e+00	0.000000e+00
858.0000	3.065340e+00	0.000000e+00
859.0000	3.064920e+00	0.000000e+00
860.0000	3.064490e+00	0.000000e+00
861.0000	3.064070e+00	0.000000e+00
862.0000	3.063650e+00	0.000000e+00
863.0000	3.063240e+00	0.000000e+00
864.0000	3.062820e+00	0.000000e+00
865.0000	3.062410e+00	0.000000e+00
866.0000	3.062000e+00	0.000000e+00
867.0000	3.061590e+00	0.000000e+00
868.0000	3.061180e+00	0.000000e+00
869.0000	3.060770e+00	0.000000e+00
870.0000	3.060370e+00	0.000000e+00
871.0000	3.059970e+00	0.000000e+00
872.0000	3.059570e+00	0.000000e+00
873.0000	3.059170e+00	0.000000e+00
874.0000	3.058770e+00	0.000000e+00
875.0000	3.058380e+00	0.000000e+00
876.0000	3.057980e+00	0.000000e+00
877.0000	3.057590e+00	0.000000e+00
878.0000	3.057200e+00	0.000000e+00
879.0000	3.056810e+00	0.000000e+00
880.0000	3.056430e+00	0.000000e+00
881.0000	3.056040e+00	0.000000e+00
882.0000	3.055660e+00	0.000000e+00
883.0000	3.055280e+00	0.000000e+00
884.0000	3.054900e+00	0.000000e+00
885.0000	3.054530e+00	0.000000e+00
886.0000	3.054150e+00	0.000000e+00
887.0000	3.053780e+00	0.000000e+00
888.0000	3.053400e+00	0.000000e+00
889.0000	3.053030e+00	0.000000e+00
890.0000	3.052670e+00	0.000000e+00
891.0000	3.052300e+00	0.000000e+00
892.0000	3.051930e+00	0.000000e+00
893.0000	3.051570e+00	0.000000e+00
894.0000	3.051210e+00	0.000000e+00
895.0000	3.050850e+00	0.000000e+00
896.0000	3.050490e+00	0.000000e+00
897.0000	3.050130e+00	0.000000e+00
898.0000	3.049780e+00	0.000000e+00
899.0000	3.049420e+00	0.000000e+00
900.0000	3.049070e+00	0.000000e+00
901.0000	3.048720e+00	0.000000e+00
902.0000	3.048370e+00	0.000000e+00
903.0000	3.048020e+00	0.000000e+00
904.0000	3.047680e+00	0.000000e+00
905.0000	3.047330e+00	0.000000e+00
906.0000	3.046990e+00	0.000000e+00
907.0000	3.046650e+00	0.000000e+00
908.0000	3.046310e+00	0.000000e+00
909.0000	3.045970e+00	0.000000e+00
910.0000	3.045630e+00	0.000000e+00
911.0000	3.045300e+00	0.000000e+00
912.0000	3.044960e+00	0.000000e+00
913.0000	3.044630e+00	0.000000e+00
914.0000	3.044300e+00	0.000000e+00
915.0000	3.043970e+00	0.000000e+00
916.0000	3.043640e+00	0.000000e+00
917.0000	3.043320e+00	0.000000e+00
918.0000	3.042990e+00	0.000000e+00
919.0000	3.042670e+00	0.000000e+00
920.0000	3.042340e+00	0.000000e+00
921.0000	3.042020e+00	0.000000e+00
922.0000	3.041700e+00	0.000000e+00
923.0000	3.041390e+00	0.000000e+00
924.0000	3.041070e+00	0.000000e+00
925.0000	3.040750e+00	0.000000e+00
926.0000	3.040440e+00	0.000000e+00
927.0000	3.040130e+00	0.000000e+00
928.0000	3.039820e+00	0.000000e+00
929.0000	3.039510e+00	0.000000e+00
930.0000	3.039200e+00	0.000000e+00
931.0000	3.038890e+00	0.000000e+00
932.0000	3.038590e+00	0.000000e+00
933.0000	3.038280e+00	0.000000e+00
934.0000	3.037980e+00	0.000000e+00
935.0000	3.037680e+00	0.000000e+00
936.0000	3.037380e+00	0.000000e+00
937.0000	3.037080e+00	0.000000e+00
938.0000	3.036780e+00	0.000000e+00
939.0000	3.036480e+00	0.000000e+00
940.0000	3.036190e+00	0.000000e+00
941.0000	3.035890e+00	0.000000e+00
942.0000	3.035600e+00	0.000000e+00
943.0000	3.035310e+00	0.000000e+00
944.0000	3.035020e+00	0.000000e+00
945.0000	3.034730e+00	0.000000e+00
946.0000	3.034440e+00	0.000000e+00
947.0000	3.034150e+00	0.000000e+00
948.0000	3.033870e+00	0.000000e+00
949.0000	3.033590e+00	0.000000e+00
950.0000	3.033300e+00	0.000000e+00
951.0000	3.033020e+00	0.000000e+00
952.0000	3.032740e+00	0.000000e+00
953.0000	3.032460e+00	0.000000e+00
954.0000	3.032180e+00	0.000000e+00
955.0000	3.031910e+00	0.000000e+00
956.0000	3.031630e+00	0.000000e+00
957.0000	3.031360e+00	0.000000e+00
958.0000	3.031080e+00	0.000000e+00
959.0000	3.030810e+00	0.000000e+00
960.0000	3.030540e+00	0.000000e+00
961.0000	3.030270e+00	0.000000e+00
962.0000	3.030000e+00	0.000000e+00
963.0000	3.029730e+00	0.000000e+00
964.0000	3.029470e+00	0.000000e+00
965.0000	3.029200e+00	0.000000e+00
966.0000	3.028940e+00	0.000000e+00
967.0000	3.028680e+00	0.000000e+00
968.0000	3.028410e+00	0.000000e+00
969.0000	3.028150e+00	0.000000e+00
970.0000	3.027890e+00	0.000000e+00
971.0000	3.027640e+00	0.000000e+00
972.0000	3.027380e+00	0.000000e+00
973.0000	3.027120e+00	0.000000e+00
974.0000	3.026870e+00	0.000000e+00
975.0000	3.026610e+00	0.000000e+00
976.0000	3.026360e+00	0.000000e+00
977.0000	3.026110e+00	0.000000e+00
978.0000	3.025860e+00	0.000000e+00
979.0000	3.025610e+00	0.000000e+00
980.0000	3.025360e+00	0.000000e+00
981.0000	3.025110e+00	0.000000e+00
982.0000	3.024860e+00	0.000000e+00
983.0000	3.024620e+00	0.000000e+00
984.0000	3.024370e+00	0.000000e+00
985.0000	3.024130e+00	0.000000e+00
986.0000	3.023890e+00	0.000000e+00
987.0000	3.023640e+00	0.000000e+00
988.0000	3.023400e+00	0.000000e+00
989.0000	3.023160e+00	0.000000e+00
990.0000	3.022930e+00	0.000000e+00
991.0000	3.022690e+00	0.000000e+00
992.0000	3.022450e+00	0.000000e+00
993.0000	3.022220e+00	0.000000e+00
994.0000	3.021980e+00	0.000000e+00
995.0000	3.021750e+00	0.000000e+00
996.0000	3.021520e+00	0.000000e+00
997.0000	3.021280e+00	0.000000e+00
998.0000	3.021050e+00	0.000000e+00
999.0000	3.020820e+00	0.000000e+00
1000.0000	3.020380e+00	0.000000e+00
1001.0000	3.020150e+00	0.000000e+00
1002.0000	3.019910e+00	0.000000e+00
1003.0000	3.019680e+00	0.000000e+00
1004.0000	3.019450e+00	0.000000e+00
1005.0000	3.019220e+00	0.000000e+00
1006.0000	3.018990e+00	0.000000e+00
1007.0000	3.018760e+00	0.000000e+00
1008.0000	3.018530e+00	0.000000e+00
1009.0000	3.018300e+00	0.000000e+00
1010.0000	3.018070e+00	0.000000e+00
1011.0000	3.017850e+00	0.000000e+00
1012.0000	3.017620e+00	0.000000e+00
1013.0000	3.017400e+00	0.000000e+00
1014.0000	3.017170e+00	0.000000e+00
1015.0000	3.016950e+00	0.000000e+00
1016.0000	3.016730e+00	0.000000e+00
1017.0000	3.016510e+00	0.000000e+00
1018.0000	3.016290e+00	0.000000e+00
1019.0000	3.016070e+00	0.000000e+00
1020.0000	3.015850e+00	0.000000e+00
1021.0000	3.015630e+00	0.000000e+00
1022.0000	3.015410e+00	0.000000e+00
1023.0000	3.015190e+00	0.000000e+00
1024.0000	3.014980e+00	0.000000e+00
1025.0000	3.014760e+00	0.000000e+00
1026.0000	3.014550e+00	0.000000e+00
1027.0000	3.014340e+00	0.000000e+00
1028.0000	3.014120e+00	0.000000e+00
1029.0000	3.013910e+00	0.000000e+00
1030.0000	3.013700e+00	0.000000e+00
1031.0000	3.013490e+00	0.000000e+00
1032.0000	3.013280e+00	0.000000e+00
1033.0000	3.013070e+00	0.000000e+00
1034.0000	3.012860e+00	0.000000e+00
1035.0000	3.012650e+00	0.000000e+00
1036.0000	3.012450e+00	0.000000e+00
1037.0000	3.012240e+00	0.000000e+00
1038.0000	3.012040e+00	0.000000e+00
1039.0000	3.011830e+00	0.000000e+00
1040.0000	3.011630e+00	0.000000e+00
1041.0000	3.011420e+00	0.000000e+00
1042.0000	3.011220e+00	0.000000e+00
1043.0000	3.011020e+00	0.000000e+00
1044.0000	3.010820e+00	0.000000e+00
1045.0000	3.010620e+00	0.000000e+00
1046.0000	3.010420e+00	0.000000e+00
1047.0000	3.010220e+00	0.000000e+00
1048.0000	3.010020e+00	0.000000e+00
1049.0000	3.009820e+00	0.000000e+00
1050.0000	3.009630e+00	0.000000e+00
1051.0000	3.009430e+00	0.000000e+00
1052.0000	3.009240e+00	0.000000e+00
1053.0000	3.009040e+00	0.000000e+00
1054.0000	3.008850e+00	0.000000e+00
1055.0000	3.008650e+00	0.000000e+00
1056.0000	3.008460e+00	0.000000e+00
1057.0000	3.008270e+00	0.000000e+00
1058.0000	3.008080e+00	0.000000e+00
1059.0000	3.007880e+00	0.000000e+00
1060.0000	3.007690e+00	0.000000e+00
1061.0000	3.007500e+00	0.000000e+00
1062.0000	3.007320e+00	0.000000e+00
1063.0000	3.007130e+00	0.000000e+00
1064.0000	3.006940e+00	0.000000e+00
1065.0000	3.006750e+00	0.000000e+00
1066.0000	3.006570e+00	0.000000e+00
1067.0000	3.006380e+00	0.000000e+00
1068.0000	3.006200e+00	0.000000e+00
1069.0000	3.006010e+00	0.000000e+00
1070.0000	3.005830e+00	0.000000e+00
1071.0000	3.005640e+00	0.000000e+00
1072.0000	3.005460e+00	0.000000e+00
1073.0000	3.005280e+00	0.000000e+00
1074.0000	3.005100e+00	0.000000e+00
1075.0000	3.004920e+00	0.000000e+00
1076.0000	3.004740e+00	0.000000e+00
1077.0000	3.004560e+00	0.000000e+00
1078.0000	3.004380e+00	0.000000e+00
1079.0000	3.004200e+00	0.000000e+00
1080.0000	3.004020e+00	0.000000e+00
1081.0000	3.003840e+00	0.000000e+00
1082.0000	3.003670e+00	0.000000e+00
1083.0000	3.003490e+00	0.000000e+00
1084.0000	3.003320e+00	0.000000e+00
1085.0000	3.003140e+00	0.000000e+00
1086.0000	3.002970e+00	0.000000e+00
1087.0000	3.002790e+00	0.000000e+00
1088.0000	3.002620e+00	0.000000e+00
1089.0000	3.002450e+00	0.000000e+00
1090.0000	3.002270e+00	0.000000e+00
1091.0000	3.002100e+00	0.000000e+00
1092.0000	3.001930e+00	0.000000e+00
1093.0000	3.001760e+00	0.000000e+00
1094.0000	3.001590e+00	0.000000e+00
1095.0000	3.001420e+00	0.000000e+00
1096.0000	3.001250e+00	0.000000e+00
1097.0000	3.001080e+00	0.000000e+00
1098.0000	3.000920e+00	0.000000e+00
1099.0000	3.000750e+00	0.000000e+00
1100.0000	3.000580e+00	0.000000e+00
1101.0000	3.000420e+00	0.000000e+00
1102.0000	3.000250e+00	0.000000e+00
1103.0000	3.000090e+00	0.000000e+00
1104.0000	2.999920e+00	0.000000e+00
1105.0000	2.999760e+00	0.000000e+00
1106.0000	2.999600e+00	0.000000e+00
1107.0000	2.999430e+00	0.000000e+00
1108.0000	2.999270e+00	0.000000e+00
1109.0000	2.999110e+00	0.000000e+00
1110.0000	2.998950e+00	0.000000e+00
1111.0000	2.998790e+00	0.000000e+00
1112.0000	2.998630e+00	0.000000e+00
1113.0000	2.998470e+00	0.000000e+00
1114.0000	2.998310e+00	0.000000e+00
1115.0000	2.998150e+00	0.000000e+00
1116.0000	2.997990e+00	0.000000e+00
1117.0000	2.997830e+00	0.000000e+00
1118.0000	2.997680e+00	0.000000e+00
1119.0000	2.997520e+00	0.000000e+00
1120.0000	2.997360e+00	0.000000e+00
1121.0000	2.997210e+00	0.000000e+00
1122.0000	2.997050e+00	0.000000e+00
1123.0000	2.996900e+00	0.000000e+00
1124.0000	2.996740e+00	0.000000e+00
1125.0000	2.996590e+00	0.000000e+00
1126.0000	2.996440e+00	0.000000e+00
1127.0000	2.996280e+00	0.000000e+00
1128.0000	2.996130e+00	0.000000e+00
1129.0000	2.995980e+00	0.000000e+00
1130.0000	2.995830e+00	0.000000e+00
1131.0000	2.995680e+00	0.000000e+00
1132.0000	2.995530e+00	0.000000e+00
1133.0000	2.995380e+00	0.000000e+00
1134.0000	2.995230e+00	0.000000e+00
1135.0000	2.995080e+00	0.000000e+00
1136.0000	2.994930e+00	0.000000e+00
1137.0000	2.994780e+00	0.000000e+00
1138.0000	2.994630e+00	0.000000e+00
1139.0000	2.994490e+00	0.000000e+00
1140.0000	2.994340e+00	0.000000e+00
1141.0000	2.994190e+00	0.000000e+00
1142.0000	2.994050e+00	0.000000e+00
1143.0000	2.993900e+00	0.000000e+00
1144.0000	2.993760e+00	0.000000e+00
1145.0000	2.993610e+00	0.000000e+00
1146.0000	2.993470e+00	0.000000e+00
1147.0000	2.993320e+00	0.000000e+00
1148.0000	2.993180e+00	0.000000e+00
1149.0000	2.993040e+00	0.000000e+00
1150.0000	2.992900e+00	0.000000e+00
1151.0000	2.992750e+00	0.000000e+00
1152.0000	2.992610e+00	0.000000e+00
1153.0000	2.992470e+00	0.000000e+00
1154.0000	2.992330e+00	0.000000e+00
1155.0000	2.992190e+00	0.000000e+00
1156.0000	2.992050e+00	0.000000e+00
1157.0000	2.991910e+00	0.000000e+00
1158.0000	2.991770e+00	0.000000e+00
1159.0000	2.991630e+00	0.000000e+00
1160.0000	2.991500e+00	0.000000e+00
1161.0000	2.991360e+00	0.000000e+00
1162.0000	2.991220e+00	0.000000e+00
1163.0000	2.991080e+00	0.000000e+00
1164.0000	2.990950e+00	0.000000e+00
1165.0000	2.990810e+00	0.000000e+00
1166.0000	2.990680e+00	0.000000e+00
1167.0000	2.990540e+00	0.000000e+00
1168.0000	2.990410e+00	0.000000e+00
1169.0000	2.990270e+00	0.000000e+00
1170.0000	2.990140e+00	0.000000e+00
1171.0000	2.990000e+00	0.000000e+00
1172.0000	2.989870e+00	0.000000e+00
1173.0000	2.989740e+00	0.000000e+00
1174.0000	2.989610e+00	0.000000e+00
1175.0000	2.989470e+00	0.000000e+00
1176.0000	2.989340e+00	0.000000e+00
1177.0000	2.989210e+00	0.000000e+00
1178.0000	2.989080e+00	0.000000e+00
1179.0000	2.988950e+00	0.000000e+00
1180.0000	2.988820e+00	0.000000e+00
1181.0000	2.988690e+00	0.000000e+00
1182.0000	2.988560e+00	0.000000e+00
1183.0000	2.988430e+00	0.000000e+00
1184.0000	2.988300e+00	0.000000e+00
1185.0000	2.988180e+00	0.000000e+00
1186.0000	2.988050e+00	0.000000e+00
1187.0000	2.987920e+00	0.000000e+00
1188.0000	2.987790e+00	0.000000e+00
1189.0000	2.987670e+00	0.000000e+00
1190.0000	2.987540e+00	0.000000e+00
1191.0000	2.987410e+00	0.000000e+00
1192.0000	2.987290e+00	0.000000e+00
1193.0000	2.987160e+00	0.000000e+00
1194.0000	2.987040e+00	0.000000e+00
1195.0000	2.986910e+00	0.000000e+00
1196.0000	2.986790e+00	0.000000e+00
1197.0000	2.986670e+00	0.000000e+00
1198.0000	2.986540e+00	0.000000e+00
1199.0000	2.986420e+00	0.000000e+00
1200.0000	2.986300e+00	0.000000e+00
1201.0000	2.986180e+00	0.000000e+00
1202.0000	2.986050e+00	0.000000e+00
1203.0000	2.985930e+00	0.000000e+00
1204.0000	2.985810e+00	0.000000e+00
1205.0000	2.985690e+00	0.000000e+00
1206.0000	2.985570e+00	0.000000e+00
1207.0000	2.985450e+00	0.000000e+00
1208.0000	2.985330e+00	0.000000e+00
1209.0000	2.985210e+00	0.000000e+00
1210.0000	2.985090e+00	0.000000e+00
1211.0000	2.984970e+00	0.000000e+00
1212.0000	2.984850e+00	0.000000e+00
1213.0000	2.984740e+00	0.000000e+00
1214.0000	2.984620e+00	0.000000e+00
1215.0000	2.984500e+00	0.000000e+00
1216.0000	2.984380e+00	0.000000e+00
1217.0000	2.984270e+00	0.000000e+00
1218.0000	2.984150e+00	0.000000e+00
1219.0000	2.984030e+00	0.000000e+00
1220.0000	2.983920e+00	0.000000e+00
1221.0000	2.983800e+00	0.000000e+00
1222.0000	2.983690e+00	0.000000e+00
1223.0000	2.983570e+00	0.000000e+00
1224.0000	2.983460e+00	0.000000e+00
1225.0000	2.983340e+00	0.000000e+00
1226.0000	2.983230e+00	0.000000e+00
1227.0000	2.983120e+00	0.000000e+00
1228.0000	2.983000e+00	0.000000e+00
1229.0000	2.982890e+00	0.000000e+00
1230.0000	2.982780e+00	0.000000e+00
1231.0000	2.982660e+00	0.000000e+00
1232.0000	2.982550e+00	0.000000e+00
1233.0000	2.982440e+00	0.000000e+00
1234.0000	2.982330e+00	0.000000e+00
1235.0000	2.982220e+00	0.000000e+00
1236.0000	2.982110e+00	0.000000e+00
1237.0000	2.982000e+00	0.000000e+00
1238.0000	2.981890e+00	0.000000e+00
1239.0000	2.981780e+00	0.000000e+00
1240.0000	2.981670e+00	0.000000e+00
1241.0000	2.981560e+00	0.000000e+00
1242.0000	2.981450e+00	0.000000e+00
1243.0000	2.981340e+00	0.000000e+00
1244.0000	2.981230e+00	0.000000e+00
1245.0000	2.981120e+00	0.000000e+00
1246.0000	2.981020e+00	0.000000e+00
1247.0000	2.980910e+00	0.000000e+00
1248.0000	2.980800e+00	0.000000e+00
1249.0000	2.980700e+00	0.000000e+00
1250.0000	2.980590e+00	0.000000e+00
1251.0000	2.980480e+00	0.000000e+00
1252.0000	2.980380e+00	0.000000e+00
1253.0000	2.980270e+00	0.000000e+00
1254.0000	2.980170e+00	0.000000e+00
1255.0000	2.980060e+00	0.000000e+00
1256.0000	2.979960e+00	0.000000e+00
1257.0000	2.979850e+00	0.000000e+00
1258.0000	2.979750e+00	0.000000e+00
1259.0000	2.979640e+00	0.000000e+00
1260.0000	2.979540e+00	0.000000e+00
1261.0000	2.979440e+00	0.000000e+00
1262.0000	2.979330e+00	0.000000e+00
1263.0000	2.979230e+00	0.000000e+00
1264.0000	2.979130e+00	0.000000e+00
1265.0000	2.979020e+00	0.000000e+00
1266.0000	2.978920e+00	0.000000e+00
1267.0000	2.978820e+00	0.000000e+00
1268.0000	2.978720e+00	0.000000e+00
1269.0000	2.978620e+00	0.000000e+00
1270.0000	2.978520e+00	0.000000e+00
1271.0000	2.978420e+00	0.000000e+00
1272.0000	2.978320e+00	0.000000e+00
1273.0000	2.978220e+00	0.000000e+00
1274.0000	2.978120e+00	0.000000e+00
1275.0000	2.978020e+00	0.000000e+00
1276.0000	2.977920e+00	0.000000e+00
1277.0000	2.977820e+00	0.000000e+00
1278.0000	2.977720e+00	0.000000e+00
1279.0000	2.977620e+00	0.000000e+00
1280.0000	2.977520e+00	0.000000e+00
1281.0000	2.977420e+00	0.000000e+00
1282.0000	2.977330e+00	0.000000e+00
1283.0000	2.977230e+00	0.000000e+00
1284.0000	2.977130e+00	0.000000e+00
1285.0000	2.977040e+00	0.000000e+00
1286.0000	2.976940e+00	0.000000e+00
1287.0000	2.976840e+00	0.000000e+00
1288.0000	2.976750e+00	0.000000e+00
1289.0000	2.976650e+00	0.000000e+00
1290.0000	2.976550e+00	0.000000e+00
1291.0000	2.976460e+00	0.000000e+00
1292.0000	2.976360e+00	0.000000e+00
1293.0000	2.976270e+00	0.000000e+00
1294.0000	2.976170e+00	0.000000e+00
1295.0000	2.976080e+00	0.000000e+00
1296.0000	2.975990e+00	0.000000e+00
1297.0000	2.975890e+00	0.000000e+00
1298.0000	2.975800e+00	0.000000e+00
1299.0000	2.975700e+00	0.000000e+00
1300.0000	2.975610e+00	0.000000e+00
1301.0000	2.975520e+00	0.000000e+00
1302.0000	2.975430e+00	0.000000e+00
1303.0000	2.975330e+00	0.000000e+00
1304.0000	2.975240e+00	0.000000e+00
1305.0000	2.975150e+00	0.000000e+00
1306.0000	2.975060e+00	0.000000e+00
1307.0000	2.974970e+00	0.000000e+00
1308.0000	2.974870e+00	0.000000e+00
1309.0000	2.974780e+00	0.000000e+00
1310.0000	2.974690e+00	0.000000e+00
1311.0000	2.974600e+00	0.000000e+00
1312.0000	2.974510e+00	0.000000e+00
1313.0000	2.974420e+00	0.000000e+00
1314.0000	2.974330e+00	0.000000e+00
1315.0000	2.974240e+00	0.000000e+00
1316.0000	2.974150e+00	0.000000e+00
1317.0000	2.974060e+00	0.000000e+00
1318.0000	2.973970e+00	0.000000e+00
1319.0000	2.973880e+00	0.000000e+00
1320.0000	2.973800e+00	0.000000e+00
1321.0000	2.973710e+00	0.000000e+00
1322.0000	2.973620e+00	0.000000e+00
1323.0000	2.973530e+00	0.000000e+00
1324.0000	2.973440e+00	0.000000e+00
1325.0000	2.973360e+00	0.000000e+00
1326.0000	2.973270e+00	0.000000e+00
1327.0000	2.973180e+00	0.000000e+00
1328.0000	2.973100e+00	0.000000e+00
1329.0000	2.973010e+00	0.000000e+00
1330.0000	2.972920e+00	0.000000e+00
1331.0000	2.972840e+00	0.000000e+00
1332.0000	2.972750e+00	0.000000e+00
1333.0000	2.972670e+00	0.000000e+00
1334.0000	2.972580e+00	0.000000e+00
1335.0000	2.972500e+00	0.000000e+00
1336.0000	2.972410e+00	0.000000e+00
1337.0000	2.972330e+00	0.000000e+00
1338.0000	2.972240e+00	0.000000e+00
1339.0000	2.972160e+00	0.000000e+00
1340.0000	2.972070e+00	0.000000e+00
1341.0000	2.971990e+00	0.000000e+00
1342.0000	2.971900e+00	0.000000e+00
1343.0000	2.971820e+00	0.000000e+00
1344.0000	2.971740e+00	0.000000e+00
1345.0000	2.971650e+00	0.000000e+00
1346.0000	2.971570e+00	0.000000e+00
1347.0000	2.971490e+00	0.000000e+00
1348.0000	2.971410e+00	0.000000e+00
1349.0000	2.971320e+00	0.000000e+00
1350.0000	2.971240e+00	0.000000e+00
1351.0000	2.971160e+00	0.000000e+00
1352.0000	2.971080e+00	0.000000e+00
1353.0000	2.971000e+00	0.000000e+00
1354.0000	2.970920e+00	0.000000e+00
1355.0000	2.970840e+00	0.000000e+00
1356.0000	2.970750e+00	0.000000e+00
1357.0000	2.970670e+00	0.000000e+00
1358.0000	2.970590e+00	0.000000e+00
1359.0000	2.970510e+00	0.000000e+00
1360.0000	2.970430e+00	0.000000e+00
1361.0000	2.970350e+00	0.000000e+00
1362.0000	2.970270e+00	0.000000e+00
1363.0000	2.970190e+00	0.000000e+00
1364.0000	2.970110e+00	0.000000e+00
1365.0000	2.970040e+00	0.000000e+00
1366.0000	2.969960e+00	0.000000e+00
1367.0000	2.969880e+00	0.000000e+00
1368.0000	2.969800e+00	0.000000e+00
1369.0000	2.969720e+00	0.000000e+00
1370.0000	2.969640e+00	0.000000e+00
1371.0000	2.969560e+00	0.000000e+00
1372.0000	2.969490e+00	0.000000e+00
1373.0000	2.969410e+00	0.000000e+00
1374.0000	2.969330e+00	0.000000e+00
1375.0000	2.969260e+00	0.000000e+00
1376.0000	2.969180e+00	0.000000e+00
1377.0000	2.969100e+00	0.000000e+00
1378.0000	2.969020e+00	0.000000e+00
1379.0000	2.968950e+00	0.000000e+00
1380.0000	2.968870e+00	0.000000e+00
1381.0000	2.968800e+00	0.000000e+00
1382.0000	2.968720e+00	0.000000e+00
1383.0000	2.968640e+00	0.000000e+00
1384.0000	2.968570e+00	0.000000e+00
1385.0000	2.968490e+00	0.000000e+00
1386.0000	2.968420e+00	0.000000e+00
1387.0000	2.968340e+00	0.000000e+00
1388.0000	2.968270e+00	0.000000e+00
1389.0000	2.968190e+00	0.000000e+00
1390.0000	2.968120e+00	0.000000e+00
1391.0000	2.968050e+00	0.000000e+00
1392.0000	2.967970e+00	0.000000e+00
1393.0000	2.967900e+00	0.000000e+00
1394.0000	2.967820e+00	0.000000e+00
1395.0000	2.967750e+00	0.000000e+00
1396.0000	2.967680e+00	0.000000e+00
1397.0000	2.967600e+00	0.000000e+00
1398.0000	2.967530e+00	0.000000e+00
1399.0000	2.967460e+00	0.000000e+00
1400.0000	2.967390e+00	0.000000e+00
