# wavelength(nm)   n              k          (soda-lime float glass, air side)
191.4600	1.723240e+00	6.800000e-05
193.0500	1.710610e+00	7.600000e-05
194.6500	1.699610e+00	8.100000e-05
196.2500	1.689860e+00	8.500000e-05
197.8400	1.681140e+00	8.800000e-05
199.4400	1.673260e+00	9.100000e-05
201.0400	1.666100e+00	9.300000e-05
202.6300	1.659560e+00	9.400000e-05
204.2300	1.653540e+00	9.600000e-05
205.8300	1.648000e+00	9.700000e-05
207.4200	1.642860e+00	9.900000e-05
209.0200	1.638090e+00	1.000000e-04
210.6200	1.633640e+00	1.010000e-04
212.2200	1.629480e+00	1.020000e-04
213.8100	1.625590e+00	1.020000e-04
215.4100	1.621940e+00	1.030000e-04
217.0100	1.618500e+00	1.040000e-04
218.6000	1.615260e+00	1.050000e-04
220.2000	1.612200e+00	1.060000e-04
221.8000	1.609300e+00	1.070000e-04
223.4000	1.606560e+00	1.080000e-04
224.9900	1.603960e+00	1.090000e-04
226.5900	1.601490e+00	1.110000e-04
228.1900	1.599140e+00	1.130000e-04
229.7900	1.596900e+00	1.140000e-04
231.3900	1.594760e+00	1.160000e-04
232.9800	1.592720e+00	1.180000e-04
234.5800	1.590780e+00	1.200000e-04
236.1800	1.588910e+00	1.220000e-04
237.7800	1.587130e+00	1.230000e-04
239.3800	1.585420e+00	1.250000e-04
240.9700	1.583790e+00	1.260000e-04
242.5700	1.582210e+00	1.270000e-04
244.1700	1.580700e+00	1.270000e-04
245.7700	1.579250e+00	1.270000e-04
247.3700	1.577860e+00	1.260000e-04
248.9700	1.576510e+00	1.250000e-04
250.5700	1.575220e+00	1.230000e-04
252.1600	1.573970e+00	1.200000e-04
253.7600	1.572770e+00	1.160000e-04
255.3600	1.571600e+00	1.120000e-04
256.9600	1.570480e+00	1.080000e-04
258.5600	1.569390e+00	1.030000e-04
260.1600	1.568340e+00	9.800000e-05
261.7600	1.567330e+00	9.300000e-05
263.3600	1.566340e+00	8.800000e-05
264.9600	1.565390e+00	8.300000e-05
266.5600	1.564460e+00	7.900000e-05
268.1500	1.563570e+00	7.400000e-05
269.7500	1.562690e+00	6.900000e-05
271.3500	1.561850e+00	6.500000e-05
272.9500	1.561030e+00	6.000000e-05
274.5500	1.560240e+00	5.600000e-05
276.1500	1.559460e+00	5.200000e-05
277.7500	1.558710e+00	4.900000e-05
279.3500	1.557980e+00	4.500000e-05
280.9500	1.557270e+00	4.200000e-05
282.5500	1.556580e+00	3.800000e-05
284.1500	1.555910e+00	3.500000e-05
285.7500	1.555250e+00	3.200000e-05
287.3500	1.554620e+00	3.000000e-05
288.9500	1.553990e+00	2.700000e-05
290.5500	1.553390e+00	2.500000e-05
292.1500	1.552800e+00	2.300000e-05
293.7500	1.552220e+00	2.100000e-05
295.3500	1.551660e+00	1.900000e-05
296.9500	1.551120e+00	1.700000e-05
298.5500	1.550580e+00	1.500000e-05
300.1500	1.550060e+00	1.400000e-05
301.7500	1.549550e+00	1.200000e-05
303.3500	1.549060e+00	1.100000e-05
304.9500	1.548570e+00	1.000000e-05
306.5500	1.548100e+00	9.000000e-06
308.1500	1.547640e+00	8.000000e-06
309.7500	1.547180e+00	7.000000e-06
311.3500	1.546740e+00	7.000000e-06
312.9500	1.546310e+00	6.000000e-06
314.5500	1.545890e+00	5.000000e-06
316.1500	1.545470e+00	5.000000e-06
317.7500	1.545070e+00	4.000000e-06
319.3500	1.544670e+00	4.000000e-06
320.9500	1.544280e+00	4.000000e-06
322.5500	1.543910e+00	3.000000e-06
324.1600	1.543540e+00	3.000000e-06
325.7600	1.543170e+00	3.000000e-06
327.3600	1.542820e+00	2.000000e-06
328.9600	1.542470e+00	2.000000e-06
330.5600	1.542130e+00	2.000000e-06
332.1600	1.541790e+00	2.000000e-06
333.7600	1.541460e+00	2.000000e-06
335.3600	1.541140e+00	2.000000e-06
336.9600	1.540820e+00	1.000000e-06
338.5600	1.540520e+00	1.000000e-06
340.1600	1.540210e+00	1.000000e-06
341.7600	1.539920e+00	1.000000e-06
343.3600	1.539620e+00	1.000000e-06
344.9700	1.539340e+00	1.000000e-06
346.5700	1.539060e+00	1.000000e-06
348.1700	1.538780e+00	1.000000e-06
349.7700	1.538510e+00	1.000000e-06
351.3700	1.538250e+00	1.000000e-06
352.9700	1.537980e+00	0.000000e+00
354.5700	1.537730e+00	0.000000e+00
356.1700	1.537480e+00	0.000000e+00
357.7700	1.537230e+00	0.000000e+00
359.3800	1.536990e+00	0.000000e+00
360.9800	1.536750e+00	0.000000e+00
362.5800	1.536510e+00	0.000000e+00
364.1800	1.536280e+00	0.000000e+00
365.7800	1.536060e+00	0.000000e+00
367.3800	1.535830e+00	0.000000e+00
368.9800	1.535610e+00	0.000000e+00
370.5800	1.535400e+00	0.000000e+00
372.1900	1.535190e+00	0.000000e+00
373.7900	1.534980e+00	0.000000e+00
375.3900	1.534780e+00	0.000000e+00
376.9900	1.534570e+00	0.000000e+00
378.5900	1.534380e+00	0.000000e+00
380.1900	1.534180e+00	0.000000e+00
381.7900	1.533990e+00	0.000000e+00
383.3900	1.533800e+00	0.000000e+00
385.0000	1.533610e+00	0.000000e+00
386.6000	1.533430e+00	0.000000e+00
388.2000	1.533250e+00	0.000000e+00
389.8000	1.533070e+00	0.000000e+00
391.4000	1.532900e+00	0.000000e+00
393.0000	1.532730e+00	0.000000e+00
394.6000	1.532560e+00	0.000000e+00
396.2100	1.532390e+00	0.000000e+00
397.8100	1.532230e+00	0.000000e+00
399.4100	1.532070e+00	0.000000e+00
401.0100	1.531910e+00	0.000000e+00
402.6100	1.531750e+00	0.000000e+00
404.2100	1.531600e+00	0.000000e+00
405.8100	1.531440e+00	0.000000e+00
407.4200	1.531290e+00	0.000000e+00
409.0200	1.531150e+00	0.000000e+00
410.6200	1.531000e+00	0.000000e+00
412.2200	1.530860e+00	0.000000e+00
413.8200	1.530710e+00	0.000000e+00
415.4200	1.530570e+00	0.000000e+00
417.0200	1.530440e+00	0.000000e+00
418.6300	1.530300e+00	0.000000e+00
420.2300	1.530170e+00	0.000000e+00
421.8300	1.530040e+00	0.000000e+00
423.4300	1.529910e+00	0.000000e+00
425.0300	1.529780e+00	0.000000e+00
426.6300	1.529650e+00	0.000000e+00
428.2300	1.529530e+00	0.000000e+00
429.8400	1.529400e+00	0.000000e+00
431.4400	1.529280e+00	0.000000e+00
433.0400	1.529160e+00	0.000000e+00
434.6400	1.529040e+00	0.000000e+00
436.2400	1.528920e+00	0.000000e+00
437.8400	1.528810e+00	0.000000e+00
439.4400	1.528690e+00	0.000000e+00
441.0500	1.528580e+00	0.000000e+00
442.6500	1.528470e+00	0.000000e+00
444.2500	1.528360e+00	0.000000e+00
445.8500	1.528250e+00	0.000000e+00
447.4500	1.528150e+00	0.000000e+00
449.0500	1.528040e+00	0.000000e+00
450.6500	1.527940e+00	0.000000e+00
452.2500	1.527840e+00	0.000000e+00
453.8600	1.527730e+00	0.000000e+00
455.4600	1.527630e+00	0.000000e+00
457.0600	1.527540e+00	0.000000e+00
458.6600	1.527440e+00	0.000000e+00
460.2600	1.527340e+00	0.000000e+00
461.8600	1.527250e+00	0.000000e+00
463.4600	1.527150e+00	0.000000e+00
465.0600	1.527060e+00	0.000000e+00
466.6700	1.526970e+00	0.000000e+00
468.2700	1.526880e+00	0.000000e+00
469.8700	1.526790e+00	0.000000e+00
471.4700	1.526700e+00	0.000000e+00
473.0700	1.526610e+00	0.000000e+00
474.6700	1.526520e+00	0.000000e+00
476.2700	1.526440e+00	0.000000e+00
477.8700	1.526350e+00	0.000000e+00
479.4700	1.526270e+00	0.000000e+00
481.0700	1.526190e+00	0.000000e+00
482.6700	1.526110e+00	0.000000e+00
484.2800	1.526020e+00	0.000000e+00
485.8800	1.525940e+00	0.000000e+00
487.4800	1.525870e+00	0.000000e+00
489.0800	1.525790e+00	0.000000e+00
490.6800	1.525710e+00	0.000000e+00
492.2800	1.525630e+00	0.000000e+00
493.8800	1.525560e+00	0.000000e+00
495.4800	1.525480e+00	0.000000e+00
497.0800	1.525410e+00	0.000000e+00
498.6800	1.525340e+00	0.000000e+00
500.2800	1.525270e+00	0.000000e+00
501.8800	1.525190e+00	0.000000e+00
503.4800	1.525120e+00	0.000000e+00
505.0800	1.525050e+00	0.000000e+00
506.6800	1.524990e+00	0.000000e+00
508.2800	1.524920e+00	0.000000e+00
509.8900	1.524850e+00	0.000000e+00
511.4900	1.524780e+00	0.000000e+00
513.0900	1.524720e+00	0.000000e+00
514.6900	1.524650e+00	0.000000e+00
516.2900	1.524590e+00	0.000000e+00
517.8900	1.524520e+00	0.000000e+00
519.4900	1.524460e+00	0.000000e+00
521.0900	1.524400e+00	0.000000e+00
522.6900	1.524330e+00	0.000000e+00
524.2900	1.524270e+00	0.000000e+00
525.8900	1.524210e+00	0.000000e+00
527.4900	1.524150e+00	0.000000e+00
529.0900	1.524090e+00	0.000000e+00
530.6900	1.524030e+00	0.000000e+00
532.2900	1.523980e+00	0.000000e+00
533.8900	1.523920e+00	0.000000e+00
535.4900	1.523860e+00	0.000000e+00
537.0900	1.523800e+00	0.000000e+00
538.6800	1.523750e+00	0.000000e+00
540.2800	1.523690e+00	0.000000e+00
541.8800	1.523640e+00	0.000000e+00
543.4800	1.523580e+00	0.000000e+00
545.0800	1.523530e+00	0.000000e+00
546.6800	1.523470e+00	0.000000e+00
548.2800	1.523420e+00	0.000000e+00
549.8800	1.523370e+00	0.000000e+00
551.4800	1.523320e+00	0.000000e+00
553.0800	1.523270e+00	0.000000e+00
554.6800	1.523220e+00	0.000000e+00
556.2800	1.523170e+00	0.000000e+00
557.8800	1.523120e+00	0.000000e+00
559.4800	1.523070e+00	0.000000e+00
561.0700	1.523020e+00	0.000000e+00
562.6700	1.522970e+00	0.000000e+00
564.2700	1.522920e+00	0.000000e+00
565.8700	1.522880e+00	0.000000e+00
567.4700	1.522830e+00	0.000000e+00
569.0700	1.522780e+00	0.000000e+00
570.6700	1.522730e+00	0.000000e+00
572.2700	1.522690e+00	0.000000e+00
573.8600	1.522640e+00	0.000000e+00
575.4600	1.522600e+00	0.000000e+00
577.0600	1.522560e+00	0.000000e+00
578.6600	1.522510e+00	0.000000e+00
580.2600	1.522470e+00	0.000000e+00
581.8600	1.522420e+00	0.000000e+00
583.4500	1.522380e+00	0.000000e+00
585.0500	1.522340e+00	0.000000e+00
586.6500	1.522300e+00	0.000000e+00
588.2500	1.522250e+00	0.000000e+00
589.8500	1.522210e+00	0.000000e+00
591.4400	1.522170e+00	0.000000e+00
593.0400	1.522130e+00	0.000000e+00
594.6400	1.522090e+00	0.000000e+00
596.2400	1.522050e+00	0.000000e+00
597.8300	1.522010e+00	0.000000e+00
599.4300	1.521970e+00	0.000000e+00
601.0300	1.521940e+00	0.000000e+00
602.6300	1.521900e+00	0.000000e+00
604.2200	1.521860e+00	0.000000e+00
605.8200	1.521820e+00	0.000000e+00
607.4200	1.521780e+00	0.000000e+00
609.0200	1.521750e+00	0.000000e+00
610.6100	1.521710e+00	0.000000e+00
612.2100	1.521670e+00	0.000000e+00
613.8100	1.521640e+00	0.000000e+00
615.4000	1.521600e+00	0.000000e+00
617.0000	1.521570e+00	0.000000e+00
618.6000	1.521530e+00	0.000000e+00
620.1900	1.521490e+00	0.000000e+00
621.7900	1.521460e+00	0.000000e+00
623.3900	1.521430e+00	0.000000e+00
624.9800	1.521390e+00	0.000000e+00
626.5800	1.521360e+00	0.000000e+00
628.1800	1.521320e+00	0.000000e+00
629.7700	1.521290e+00	0.000000e+00
631.3700	1.521260e+00	0.000000e+00
632.9600	1.521230e+00	0.000000e+00
634.5600	1.521190e+00	0.000000e+00
636.1600	1.521160e+00	0.000000e+00
637.7500	1.521130e+00	0.000000e+00
639.3500	1.521100e+00	0.000000e+00
640.9400	1.521060e+00	0.000000e+00
642.5400	1.521030e+00	0.000000e+00
644.1300	1.521000e+00	0.000000e+00
645.7300	1.520970e+00	0.000000e+00
647.3200	1.520940e+00	0.000000e+00
648.9200	1.520910e+00	0.000000e+00
650.5100	1.520880e+00	0.000000e+00
652.1100	1.520850e+00	0.000000e+00
653.7000	1.520820e+00	0.000000e+00
655.3000	1.520790e+00	0.000000e+00
656.8900	1.520760e+00	0.000000e+00
658.4900	1.520740e+00	0.000000e+00
660.0800	1.520710e+00	0.000000e+00
661.6800	1.520680e+00	0.000000e+00
663.2700	1.520650e+00	0.000000e+00
664.8700	1.520620e+00	0.000000e+00
666.4600	1.520600e+00	0.000000e+00
668.0500	1.520570e+00	0.000000e+00
669.6500	1.520540e+00	0.000000e+00
671.2400	1.520510e+00	0.000000e+00
672.8400	1.520490e+00	0.000000e+00
674.4300	1.520460e+00	0.000000e+00
676.0200	1.520430e+00	0.000000e+00
677.6200	1.520410e+00	0.000000e+00
679.2100	1.520380e+00	0.000000e+00
680.8000	1.520360e+00	0.000000e+00
682.4000	1.520330e+00	0.000000e+00
683.9900	1.520310e+00	0.000000e+00
685.5800	1.520280e+00	0.000000e+00
687.1800	1.520250e+00	0.000000e+00
688.7700	1.520230e+00	0.000000e+00
690.3600	1.520210e+00	0.000000e+00
691.9600	1.520180e+00	0.000000e+00
693.5500	1.520160e+00	0.000000e+00
695.1400	1.520130e+00	0.000000e+00
696.7300	1.520110e+00	0.000000e+00
698.3200	1.520080e+00	0.000000e+00
699.9200	1.520060e+00	0.000000e+00
701.5100	1.520040e+00	0.000000e+00
703.1000	1.520010e+00	0.000000e+00
704.6900	1.519990e+00	0.000000e+00
706.2800	1.519970e+00	0.000000e+00
707.8800	1.519950e+00	0.000000e+00
709.4700	1.519920e+00	0.000000e+00
711.0600	1.519900e+00	0.000000e+00
712.6500	1.519880e+00	0.000000e+00
714.2400	1.519860e+00	0.000000e+00
715.8300	1.519840e+00	0.000000e+00
717.4200	1.519810e+00	0.000000e+00
719.0200	1.519790e+00	0.000000e+00
720.6100	1.519770e+00	0.000000e+00
722.2000	1.519750e+00	0.000000e+00
723.7900	1.519730e+00	0.000000e+00
725.3800	1.519710e+00	0.000000e+00
726.9700	1.519690e+00	0.000000e+00
728.5600	1.519670e+00	0.000000e+00
730.1500	1.519640e+00	0.000000e+00
731.7400	1.519620e+00	0.000000e+00
733.3300	1.519600e+00	0.000000e+00
734.9200	1.519580e+00	0.000000e+00
736.5100	1.519560e+00	0.000000e+00
738.1000	1.519540e+00	0.000000e+00
739.6900	1.519530e+00	0.000000e+00
741.2800	1.519510e+00	0.000000e+00
742.8700	1.519490e+00	0.000000e+00
744.4600	1.519470e+00	0.000000e+00
746.0400	1.519450e+00	0.000000e+00
747.6300	1.519430e+00	0.000000e+00
749.2200	1.519410e+00	0.000000e+00
750.8100	1.519390e+00	0.000000e+00
752.4000	1.519370e+00	0.000000e+00
753.9900	1.519350e+00	0.000000e+00
755.5800	1.519340e+00	0.000000e+00
757.1600	1.519320e+00	0.000000e+00
758.7500	1.519300e+00	0.000000e+00
760.3400	1.519280e+00	0.000000e+00
761.9300	1.519260e+00	0.000000e+00
763.5200	1.519250e+00	0.000000e+00
765.1000	1.519230e+00	0.000000e+00
766.6900	1.519210e+00	0.000000e+00
768.2800	1.519190e+00	0.000000e+00
769.8700	1.519170e+00	0.000000e+00
771.4500	1.519160e+00	0.000000e+00
773.0400	1.519140e+00	0.000000e+00
774.6300	1.519120e+00	0.000000e+00
776.2100	1.519110e+00	0.000000e+00
777.8000	1.519090e+00	0.000000e+00
779.3900	1.519070e+00	0.000000e+00
780.9700	1.519060e+00	0.000000e+00
782.5600	1.519040e+00	0.000000e+00
784.1400	1.519020e+00	0.000000e+00
785.7300	1.519010e+00	0.000000e+00
787.3200	1.518990e+00	0.000000e+00
788.9000	1.518980e+00	0.000000e+00
790.4900	1.518960e+00	0.000000e+00
792.0700	1.518940e+00	0.000000e+00
793.6600	1.518930e+00	0.000000e+00
795.2400	1.518910e+00	0.000000e+00
796.8300	1.518900e+00	0.000000e+00
798.4100	1.518880e+00	0.000000e+00
800.0000	1.518870e+00	0.000000e+00
801.5800	1.518850e+00	0.000000e+00
803.1700	1.518840e+00	0.000000e+00
804.7500	1.518820e+00	0.000000e+00
806.3300	1.518810e+00	0.000000e+00
807.9200	1.518790e+00	0.000000e+00
809.5000	1.518780e+00	0.000000e+00
811.0900	1.518760e+00	0.000000e+00
812.6700	1.518750e+00	0.000000e+00
814.2500	1.518730e+00	0.000000e+00
815.8400	1.518720e+00	0.000000e+00
817.4200	1.518700e+00	0.000000e+00
819.0000	1.518690e+00	0.000000e+00
820.5800	1.518680e+00	0.000000e+00
822.1700	1.518660e+00	0.000000e+00
823.7500	1.518650e+00	0.000000e+00
825.3300	1.518630e+00	0.000000e+00
826.9100	1.518620e+00	0.000000e+00
828.5000	1.518610e+00	0.000000e+00
830.0800	1.518590e+00	0.000000e+00
831.6600	1.518580e+00	0.000000e+00
833.2400	1.518570e+00	0.000000e+00
834.8200	1.518550e+00	0.000000e+00
836.4100	1.518540e+00	0.000000e+00
837.9900	1.518530e+00	0.000000e+00
839.5700	1.518510e+00	0.000000e+00
841.1500	1.518500e+00	0.000000e+00
842.7300	1.518490e+00	0.000000e+00
844.3100	1.518470e+00	0.000000e+00
845.8900	1.518460e+00	0.000000e+00
847.4700	1.518450e+00	0.000000e+00
849.0500	1.518440e+00	0.000000e+00
850.6300	1.518420e+00	0.000000e+00
852.2100	1.518410e+00	0.000000e+00
853.7900	1.518400e+00	0.000000e+00
855.3700	1.518390e+00	0.000000e+00
856.9500	1.518370e+00	0.000000e+00
858.5300	1.518360e+00	0.000000e+00
860.1100	1.518350e+00	0.000000e+00
861.6900	1.518340e+00	0.000000e+00
863.2600	1.518320e+00	0.000000e+00
864.8400	1.518310e+00	0.000000e+00
866.4200	1.518300e+00	0.000000e+00
868.0000	1.518290e+00	0.000000e+00
869.5800	1.518280e+00	0.000000e+00
871.1600	1.518270e+00	0.000000e+00
872.7300	1.518250e+00	0.000000e+00
874.3100	1.518240e+00	0.000000e+00
875.8900	1.518230e+00	0.000000e+00
877.4700	1.518220e+00	0.000000e+00
879.0400	1.518210e+00	0.000000e+00
880.6200	1.518200e+00	0.000000e+00
882.2000	1.518190e+00	0.000000e+00
883.7700	1.518180e+00	0.000000e+00
885.3500	1.518160e+00	0.000000e+00
886.9300	1.518150e+00	0.000000e+00
888.5000	1.518140e+00	0.000000e+00
890.0800	1.518130e+00	0.000000e+00
891.6500	1.518120e+00	0.000000e+00
893.2300	1.518110e+00	0.000000e+00
894.8100	1.518100e+00	0.000000e+00
896.3800	1.518090e+00	0.000000e+00
897.9600	1.518080e+00	0.000000e+00
899.5300	1.518070e+00	0.000000e+00
901.1100	1.518060e+00	0.000000e+00
902.6800	1.518050e+00	0.000000e+00
904.2500	1.518040e+00	0.000000e+00
905.8300	1.518030e+00	0.000000e+00
907.4000	1.518010e+00	0.000000e+00
908.9800	1.518010e+00	0.000000e+00
910.5500	1.518000e+00	0.000000e+00
912.1200	1.517980e+00	0.000000e+00
913.7000	1.517980e+00	0.000000e+00
915.2700	1.517970e+00	0.000000e+00
916.8400	1.517950e+00	0.000000e+00
918.4200	1.517950e+00	0.000000e+00
919.9900	1.517940e+00	0.000000e+00
921.5600	1.517930e+00	0.000000e+00
923.1300	1.517920e+00	0.000000e+00
924.7000	1.517910e+00	0.000000e+00
926.2800	1.517900e+00	0.000000e+00
927.8500	1.517890e+00	0.000000e+00
929.4200	1.517880e+00	0.000000e+00
930.9900	1.517870e+00	0.000000e+00
932.5600	1.517860e+00	0.000000e+00
934.1300	1.517850e+00	0.000000e+00
935.7000	1.517840e+00	0.000000e+00
937.2800	1.517830e+00	0.000000e+00
938.8500	1.517820e+00	0.000000e+00
940.4200	1.517810e+00	0.000000e+00
941.9900	1.517800e+00	0.000000e+00
943.5600	1.517790e+00	0.000000e+00
945.1300	1.517790e+00	0.000000e+00
946.6900	1.517780e+00	0.000000e+00
948.2600	1.517770e+00	0.000000e+00
949.8300	1.517760e+00	0.000000e+00
951.4000	1.517750e+00	0.000000e+00
952.9700	1.517740e+00	0.000000e+00
954.5400	1.517730e+00	0.000000e+00
956.1100	1.517720e+00	0.000000e+00
957.6800	1.517710e+00	0.000000e+00
959.2400	1.517710e+00	0.000000e+00
960.8100	1.517700e+00	0.000000e+00
962.3800	1.517690e+00	0.000000e+00
963.9500	1.517680e+00	0.000000e+00
965.5100	1.517670e+00	0.000000e+00
967.0800	1.517660e+00	0.000000e+00
968.6500	1.517660e+00	0.000000e+00
970.2100	1.517650e+00	0.000000e+00
971.7800	1.517640e+00	0.000000e+00
973.3500	1.517630e+00	0.000000e+00
974.9100	1.517620e+00	0.000000e+00
976.4800	1.517610e+00	0.000000e+00
978.0400	1.517610e+00	0.000000e+00
979.6100	1.517600e+00	0.000000e+00
981.1700	1.517590e+00	0.000000e+00
982.7400	1.517580e+00	0.000000e+00
984.3000	1.517570e+00	0.000000e+00
985.8700	1.517570e+00	0.000000e+00
987.4300	1.517560e+00	0.000000e+00
989.0000	1.517550e+00	0.000000e+00
990.5600	1.517540e+00	0.000000e+00
992.1200	1.517540e+00	0.000000e+00
993.6900	1.517530e+00	0.000000e+00
995.2500	1.517520e+00	0.000000e+00
996.8100	1.517510e+00	0.000000e+00
998.3800	1.517510e+00	0.000000e+00
999.9400	1.517500e+00	0.000000e+00
1013.3800	1.517440e+00	0.000000e+00
1016.8100	1.517420e+00	0.000000e+00
1020.2400	1.517400e+00	0.000000e+00
1023.6700	1.517390e+00	0.000000e+00
1027.0900	1.517370e+00	0.000000e+00
1030.5200	1.517360e+00	0.000000e+00
1033.9500	1.517340e+00	0.000000e+00
1037.3800	1.517330e+00	0.000000e+00
1040.8100	1.517310e+00	0.000000e+00
1044.2300	1.517300e+00	0.000000e+00
1047.6600	1.517290e+00	0.000000e+00
1051.0900	1.517270e+00	0.000000e+00
1054.5200	1.517260e+00	0.000000e+00
1057.9500	1.517240e+00	0.000000e+00
1061.3700	1.517230e+00	0.000000e+00
1064.8000	1.517220e+00	0.000000e+00
1068.2300	1.517200e+00	0.000000e+00
1071.6600	1.517190e+00	0.000000e+00
1075.0900	1.517180e+00	0.000000e+00
1078.5100	1.517160e+00	0.000000e+00
1081.9400	1.517150e+00	0.000000e+00
1085.3700	1.517140e+00	0.000000e+00
1088.8000	1.517130e+00	0.000000e+00
1092.2300	1.517110e+00	0.000000e+00
1095.6500	1.517100e+00	0.000000e+00
1099.0800	1.517090e+00	0.000000e+00
1102.5100	1.517080e+00	0.000000e+00
1105.9400	1.517060e+00	0.000000e+00
1109.3700	1.517050e+00	0.000000e+00
1112.8000	1.517040e+00	0.000000e+00
1116.2200	1.517030e+00	0.000000e+00
1119.6500	1.517020e+00	0.000000e+00
1123.0800	1.517000e+00	0.000000e+00
1126.5100	1.516990e+00	0.000000e+00
1129.9400	1.516980e+00	0.000000e+00
1133.3700	1.516970e+00	0.000000e+00
1136.8000	1.516960e+00	0.000000e+00
1140.2200	1.516950e+00	0.000000e+00
1143.6500	1.516940e+00	0.000000e+00
1147.0800	1.516930e+00	0.000000e+00
1150.5100	1.516920e+00	0.000000e+00
1153.9400	1.516900e+00	0.000000e+00
1157.3700	1.516890e+00	0.000000e+00
1160.8000	1.516880e+00	0.000000e+00
1164.2300	1.516870e+00	0.000000e+00
1167.6600	1.516860e+00	0.000000e+00
1171.0900	1.516850e+00	0.000000e+00
1174.5200	1.516840e+00	0.000000e+00
1177.9500	1.516830e+00	0.000000e+00
1181.3800	1.516820e+00	0.000000e+00
1184.8100	1.516810e+00	0.000000e+00
1188.2400	1.516800e+00	0.000000e+00
1191.6700	1.516790e+00	0.000000e+00
1195.1000	1.516790e+00	0.000000e+00
1198.5300	1.516780e+00	0.000000e+00
1201.9600	1.516770e+00	0.000000e+00
1205.3900	1.516760e+00	0.000000e+00
1208.8300	1.516750e+00	0.000000e+00
1212.2600	1.516740e+00	0.000000e+00
1215.6900	1.516730e+00	0.000000e+00
1219.1200	1.516720e+00	0.000000e+00
1222.5500	1.516710e+00	0.000000e+00
1225.9800	1.516700e+00	0.000000e+00
1229.4200	1.516690e+00	0.000000e+00
1232.8500	1.516690e+00	0.000000e+00
1236.2800	1.516680e+00	0.000000e+00
1239.7100	1.516670e+00	0.000000e+00
1243.1500	1.516660e+00	0.000000e+00
1246.5800	1.516650e+00	0.000000e+00
1250.0100	1.516640e+00	0.000000e+00
1253.4500	1.516640e+00	0.000000e+00
1256.8800	1.516630e+00	0.000000e+00
1260.3100	1.516620e+00	0.000000e+00
1263.7500	1.516610e+00	0.000000e+00
1267.1800	1.516600e+00	0.000000e+00
1270.6200	1.516590e+00	0.000000e+00
1274.0500	1.516590e+00	0.000000e+00
1277.4900	1.516580e+00	0.000000e+00
1280.9200	1.516570e+00	0.000000e+00
1284.3600	1.516560e+00	0.000000e+00
1287.7900	1.516560e+00	0.000000e+00
1291.2300	1.516550e+00	0.000000e+00
1294.6600	1.516540e+00	0.000000e+00
1298.1000	1.516530e+00	0.000000e+00
1301.5400	1.516530e+00	0.000000e+00
1304.9700	1.516520e+00	0.000000e+00
1308.4100	1.516510e+00	0.000000e+00
1311.8500	1.516500e+00	0.000000e+00
1315.2800	1.516500e+00	0.000000e+00
1318.7200	1.516490e+00	0.000000e+00
1322.1600	1.516480e+00	0.000000e+00
1325.6000	1.516480e+00	0.000000e+00
1329.0400	1.516470e+00	0.000000e+00
1332.4800	1.516460e+00	0.000000e+00
1335.9100	1.516460e+00	0.000000e+00
1339.3500	1.516450e+00	0.000000e+00
1342.7900	1.516440e+00	0.000000e+00
1346.2300	1.516440e+00	0.000000e+00
1349.6700	1.516430e+00	0.000000e+00
1353.1100	1.516420e+00	0.000000e+00
1356.5500	1.516420e+00	0.000000e+00
1360.0000	1.516410e+00	0.000000e+00
1363.4400	1.516400e+00	0.000000e+00
1366.8800	1.516400e+00	0.000000e+00
1370.3200	1.516390e+00	0.000000e+00
1373.7600	1.516380e+00	0.000000e+00
1377.2000	1.516380e+00	0.000000e+00
1380.6500	1.516370e+00	0.000000e+00
1384.0900	1.516370e+00	0.000000e+00
1387.5300	1.516360e+00	0.000000e+00
1390.9800	1.516350e+00	0.000000e+00
1394.4200	1.516350e+00	0.000000e+00
1397.8700	1.516340e+00	0.000000e+00
1401.3100	1.516340e+00	0.000000e+00
1404.7600	1.516330e+00	0.000000e+00
1408.2000	1.516320e+00	0.000000e+00
1411.6500	1.516320e+00	0.000000e+00
1415.0900	1.516310e+00	0.000000e+00
1418.5400	1.516310e+00	0.000000e+00
1421.9900	1.516300e+00	0.000000e+00
1425.4300	1.516300e+00	0.000000e+00
1428.8800	1.516290e+00	0.000000e+00
1432.3300	1.516290e+00	0.000000e+00
1435.7800	1.516280e+00	0.000000e+00
1439.2200	1.516270e+00	0.000000e+00
1442.6700	1.516270e+00	0.000000e+00
1446.1200	1.516260e+00	0.000000e+00
1449.5700	1.516260e+00	0.000000e+00
1453.0200	1.516250e+00	0.000000e+00
1456.4700	1.516250e+00	0.000000e+00
1459.9200	1.516240e+00	0.000000e+00
1463.3700	1.516240e+00	0.000000e+00
1466.8300	1.516230e+00	0.000000e+00
1470.2800	1.516230e+00	0.000000e+00
1473.7300	1.516220e+00	0.000000e+00
1477.1800	1.516220e+00	0.000000e+00
1480.6400	1.516210e+00	0.000000e+00
1484.0900	1.516210e+00	0.000000e+00
1487.5400	1.516200e+00	0.000000e+00
1491.0000	1.516200e+00	0.000000e+00
1494.4500	1.516190e+00	0.000000e+00
1497.9100	1.516190e+00	0.000000e+00
1501.3600	1.516180e+00	0.000000e+00
1504.8200	1.516180e+00	0.000000e+00
1508.2800	1.516170e+00	0.000000e+00
1511.7300	1.516170e+00	0.000000e+00
1515.1900	1.516160e+00	0.000000e+00
1518.6500	1.516160e+00	0.000000e+00
1522.1100	1.516150e+00	0.000000e+00
1525.5600	1.516150e+00	0.000000e+00
1529.0200	1.516150e+00	0.000000e+00
1532.4800	1.516140e+00	0.000000e+00
1535.9400	1.516140e+00	0.000000e+00
1539.4000	1.516130e+00	0.000000e+00
1542.8700	1.516130e+00	0.000000e+00
1546.3300	1.516120e+00	0.000000e+00
1549.7900	1.516120e+00	0.000000e+00
1553.2500	1.516120e+00	0.000000e+00
1556.7100	1.516110e+00	0.000000e+00
1560.1800	1.516110e+00	0.000000e+00
1563.6400	1.516100e+00	0.000000e+00
1567.1100	1.516100e+00	0.000000e+00
1570.5700	1.516090e+00	0.000000e+00
1574.0400	1.516090e+00	0.000000e+00
1577.5000	1.516090e+00	0.000000e+00
1580.9700	1.516080e+00	0.000000e+00
1584.4300	1.516080e+00	0.000000e+00
1587.9000	1.516070e+00	0.000000e+00
1591.3700	1.516070e+00	0.000000e+00
1594.8400	1.516070e+00	0.000000e+00
1598.3100	1.516060e+00	0.000000e+00
1601.7800	1.516060e+00	0.000000e+00
1605.2500	1.516050e+00	0.000000e+00
1608.7200	1.516050e+00	0.000000e+00
1612.1900	1.516050e+00	0.000000e+00
1615.6600	1.516040e+00	0.000000e+00
1619.1300	1.516040e+00	0.000000e+00
1622.6000	1.516030e+00	0.000000e+00
1626.0800	1.516030e+00	0.000000e+00
1629.5500	1.516030e+00	0.000000e+00
1633.0200	1.516020e+00	0.000000e+00
1636.5000	1.516020e+00	0.000000e+00
1639.9700	1.516020e+00	0.000000e+00
1643.4500	1.516010e+00	0.000000e+00
1646.9300	1.516010e+00	0.000000e+00
1650.4000	1.516010e+00	0.000000e+00
1653.8800	1.516000e+00	0.000000e+00
1657.3600	1.516000e+00	0.000000e+00
1660.8400	1.515990e+00	0.000000e+00
1664.3200	1.515990e+00	0.000000e+00
1667.8000	1.515990e+00	0.000000e+00
1671.2800	1.515980e+00	0.000000e+00
1674.7600	1.515980e+00	0.000000e+00
1678.2400	1.515980e+00	0.000000e+00
1681.7200	1.515970e+00	0.000000e+00
1685.2000	1.515970e+00	0.000000e+00
1688.6900	1.515970e+00	0.000000e+00
