B 190 110 11 150 80 7 coarse
A 190 110 11 120 80 7 coarse
B 190 140 11 150 80 7 coarse
A 190 140 11 120 80 7 coarse
B 190 170 11 150 80 7 coarse
A 190 170 11 120 80 7 coarse
B 190 200 11 150 80 7 coarse
A 190 200 11 120 80 7 coarse
B 190 230 11 150 80 7 coarse
A 190 230 11 120 80 7 coarse
B 190 260 11 150 80 7 coarse
A 190 260 11 120 80 7 coarse
B 208 110 11 150 80 7 coarse
A 208 110 11 120 80 7 coarse
B 208 140 11 150 80 7 coarse
A 208 140 11 120 80 7 coarse
B 208 170 11 150 80 7 coarse
A 208 170 11 120 80 7 coarse
B 208 200 11 150 80 7 coarse
A 208 200 11 120 80 7 coarse
B 208 230 11 150 80 7 coarse
A 208 230 11 120 80 7 coarse
B 208 260 11 150 80 7 coarse
A 208 260 11 120 80 7 coarse
B 226 110 11 150 80 7 coarse
A 226 110 11 120 80 7 coarse
B 226 140 11 150 80 7 coarse
A 226 140 11 120 80 7 coarse
B 226 170 11 150 80 7 coarse
A 226 170 11 120 80 7 coarse
B 226 200 11 150 80 7 coarse
A 226 200 11 120 80 7 coarse
B 226 230 11 150 80 7 coarse
A 226 230 11 120 80 7 coarse
B 226 260 11 150 80 7 coarse
A 226 260 11 120 80 7 coarse
B 244 110 11 150 80 7 coarse
A 244 110 11 120 80 7 coarse
B 244 140 11 150 80 7 coarse
A 244 140 11 120 80 7 coarse
B 244 170 11 150 80 7 coarse
A 244 170 11 120 80 7 coarse
B 244 200 11 150 80 7 coarse
A 244 200 11 120 80 7 coarse
B 244 230 11 150 80 7 coarse
A 244 230 11 120 80 7 coarse
B 244 260 11 150 80 7 coarse
A 244 260 11 120 80 7 coarse
B 262 110 11 150 80 7 coarse
A 262 110 11 120 80 7 coarse
B 262 140 11 150 80 7 coarse
A 262 140 11 120 80 7 coarse
B 262 170 11 150 80 7 coarse
A 262 170 11 120 80 7 coarse
B 262 200 11 150 80 7 coarse
A 262 200 11 120 80 7 coarse
B 262 230 11 150 80 7 coarse
A 262 230 11 120 80 7 coarse
B 262 260 11 150 80 7 coarse
A 262 260 11 120 80 7 coarse
